array([[-9.65224346e+00,  4.87994377e+00,  3.06046768e+00,
        -5.75211603e+00,  2.01304171e+01, -1.73346591e+01,
        -1.61676806e+00,  1.84426332e+00,  7.08668945e+00,
        -2.18202289e+00, -1.19399402e+01,  9.72484507e+00,
        -8.70701989e+00, -3.80058616e-01,  1.39682457e+01,
         9.53438175e+00,  2.95044335e-01,  1.21358614e+01,
        -9.32543522e+00,  2.29132569e+01, -5.17218625e+00,
        -4.45261708e+00,  3.87868543e+00, -2.67947264e+00,
         6.49821182e+00,  1.27812446e+01,  4.59160829e+00,
        -1.66205090e+01,  1.07419569e+01, -5.05591347e+00,
         9.66612488e+00, -3.84174574e+00,  9.22640806e+00,
        -1.34196281e+00, -2.62757230e+00,  3.41951989e+00,
         2.13226023e+00, -2.30186035e+01,  8.78971362e+00,
         2.52927951e+01,  6.78923995e+00,  3.13785025e+00,
         8.99704906e+00,  7.89158459e+00,  6.82996512e+00,
        -9.09068923e+00,  7.11845519e+00, -1.70872733e+01,
        -4.99842098e+00, -3.17163270e+00, -7.11417134e+00,
         1.58990736e+01,  1.79962319e+01,  2.14378940e+01,
         1.07304635e+01, -2.47731264e+01, -1.51280741e+00,
         1.34588578e+00,  4.48584693e+00,  6.66786246e+00,
        -9.56616660e+00,  3.26439296e+01, -9.98126270e+00,
         1.60263970e+01,  6.14742577e+00, -4.46034576e+00,
        -1.57732109e+00, -1.42439065e+01, -1.57069068e+00,
        -1.34635021e+01,  1.15151742e+01,  2.70655927e+00,
        -2.63720503e+01,  1.04838229e+01, -1.29142283e+01,
         1.47311163e+01,  6.67438559e+00,  1.15535723e+00,
         1.07455922e+01,  6.05121426e-01, -6.74089655e+00,
         1.79937026e+01, -9.83997445e+00, -2.71629777e+00,
        -6.88098501e-01, -8.34324961e+00, -1.02255495e+01,
         5.93253717e+00, -5.47389800e+00, -1.18215760e+00,
         8.48208654e+00, -1.04079607e+01, -7.87490694e+00,
        -1.64221840e+01, -2.05616887e+01,  1.68178974e+01,
        -1.96768657e+01, -5.84035047e+00, -1.67030359e+01,
        -6.77542361e+00,  1.72258095e+01,  2.74724928e+00,
        -2.17506497e+00, -5.59127234e+00, -1.57637705e+01,
         1.62683406e+01,  1.07854574e+01, -1.09258173e+01,
        -2.23642778e-01,  9.09643283e+00, -9.65495666e-01],
       [-4.79283013e-01, -2.03094605e+01,  4.47135123e+00,
         1.67512584e+01,  1.44467335e+01, -3.64121405e+00,
         1.82314016e+01,  1.14465844e+00, -2.54950474e+01,
         6.18778437e+00,  1.12394542e+01, -1.20607344e+01,
        -2.20925035e+01, -5.01266574e+00,  2.51679303e+00,
        -1.33129249e+01,  1.56876903e+01,  1.58534584e+00,
        -1.50081526e+01, -1.01465796e-01, -7.69044234e+00,
        -1.39895922e+01, -9.82983798e+00,  1.30118080e+01,
         1.02970809e+01, -4.53083277e+00, -2.72770960e+01,
         1.55119847e+00, -2.16066299e+01,  3.80573102e+00,
        -8.72556200e+00,  1.38695567e+00,  1.43352679e+00,
         1.05930278e+01,  2.38342684e+01,  1.83227296e+00,
        -1.90074937e+00, -3.43044243e+00, -1.04491771e+01,
         1.90799978e+01, -1.55775719e+01,  3.37419879e-01,
        -1.69376863e+01,  7.62739327e+00, -1.54001966e+00,
        -4.80950368e+00, -2.16876115e+00, -2.25713275e+01,
         5.69184725e+00, -1.57648410e+01,  1.14326029e+01,
         6.85978215e+00, -4.85489815e+00,  4.86362988e+00,
        -1.39908512e+01, -1.88569053e+00, -7.30067578e+00,
         1.72182586e+00,  2.98924445e+00,  6.57136581e+00,
         1.51872099e+01,  3.44713879e+00,  6.91929445e+00,
         1.71844670e+01,  1.07566734e+01,  8.04328826e-01,
        -1.63532856e+01,  1.02585200e+01,  3.03608886e+00,
        -6.64058645e+00,  4.95374237e+00, -1.00403998e+00,
         1.60249700e+01,  2.45608102e+01, -6.87930123e+00,
         1.35970557e+01, -7.06511679e+00,  2.11204664e+01,
        -6.76871355e+00, -1.16627800e+01, -5.55556222e+00,
        -1.71631936e+01, -8.17945302e-01, -5.01965623e-01,
         1.56843808e+01, -6.87378067e+00, -1.17243800e+01,
         3.73718412e+00, -1.49331909e+01,  1.48459280e+01,
         2.11250579e+01,  7.33191903e+00, -1.78043193e+01,
        -1.16082242e+00, -4.68264686e+00, -6.86867143e+00,
         7.01095123e+00, -9.06969478e+00,  1.07083098e+01,
         1.11579004e+01, -1.61605562e+01, -1.15389296e+01,
        -6.13488530e+00, -4.49093062e+00, -2.11676102e+01,
        -1.72553092e+01, -4.08067829e+00,  3.19745172e-01,
         3.46023844e+00,  1.12013349e+01, -1.09908753e+01],
       [ 8.01574654e-01, -1.12663179e+01, -1.10491750e+01,
        -4.99990288e+00,  1.41364361e+01,  1.26062759e+01,
        -2.68350371e+01, -2.17393187e-01, -1.09862273e+01,
         1.79967289e+00,  1.23663787e+01, -1.18016773e+01,
        -2.07832528e+00,  2.31321444e+00,  6.48693854e+00,
         5.78092859e+00,  1.44523574e+01, -9.45079606e+00,
        -2.15590316e+00, -1.04109295e+01, -2.10871454e+00,
         6.47874603e+00,  1.20958182e+01,  1.07736806e+01,
        -8.77418658e-01, -1.69241429e+01,  1.65534857e+00,
         3.16129702e+01,  1.38775205e+01,  1.27804293e+01,
        -1.55314398e+01,  3.43574212e-01, -1.79877926e+01,
        -1.53813918e+01,  1.91213705e+01, -1.69309476e+01,
        -1.26990058e+01,  8.30273695e+00, -9.61162774e+00,
         1.06101085e+01, -1.34678848e+01, -2.96958444e+01,
         9.04822335e+00, -2.50599821e+00,  1.03077690e+01,
         3.92872202e-02,  1.01644525e+01,  1.54752784e+01,
         1.03737530e+01, -7.67446796e+00, -9.48411314e+00,
         2.19849520e+00, -2.62995684e+00, -2.10369201e+00,
         1.78742111e+01,  1.55724974e+01,  9.18204322e+00,
         3.99209061e-01,  1.14326943e+01,  5.08764558e+00,
        -2.53463390e+00,  1.11267031e+01,  6.38969036e+00,
        -2.18091172e+01,  5.01779673e+00, -2.23580278e+00,
         1.48015624e+01,  4.32113558e+00, -5.26490450e+00,
        -6.94351055e+00, -9.17866136e+00, -1.14800312e+01,
        -9.27326187e+00, -9.23943223e+00,  2.15340388e+00,
        -9.33769227e+00, -2.63081579e+01, -5.43397984e+00,
         6.68772257e+00, -2.27845096e+00, -1.16585930e+01,
        -1.56617637e+01,  1.76790657e+00,  8.29263175e+00,
         1.87819422e+01,  1.12450417e+01, -4.67993170e+00,
         2.76700604e+00,  2.64733066e+00,  9.41389280e+00,
        -6.70341093e+00,  8.25514684e+00, -1.24757726e+00,
        -3.43781207e+00,  2.46715038e+00, -6.98450387e+00,
         1.89958690e+01,  8.71750354e+00, -1.60985857e+01,
         9.43497711e+00, -1.14402154e+01,  1.15385541e+00,
        -4.82971091e+00,  1.10388979e+01, -1.96805509e+00,
        -1.17416494e+01, -1.98074049e+01, -3.73779144e+00,
         2.30890009e+00,  2.35078955e+01, -1.51284293e-02],
       [ 1.87001962e+01,  6.93852456e+00,  1.03041190e+01,
        -4.87892156e+00, -1.01377294e+01,  2.75660158e+01,
         1.45523154e+01, -1.73144106e+01, -7.34929567e+00,
         3.23275080e+00, -6.53775633e+00, -1.11983467e+01,
         2.12588298e+00,  1.03414601e+01, -8.03479994e+00,
        -1.06538090e+01,  7.77948517e+00,  8.93653578e+00,
         5.74958787e+00, -2.23940741e+01,  5.88115848e+00,
        -5.18639218e+00,  1.72462865e+00,  2.45567351e+00,
        -1.25040858e+01,  2.06540706e+01,  6.60202595e+00,
        -9.81033674e+00,  2.92932494e+00, -2.76530947e+00,
         1.37424886e+01,  6.73507661e+00, -2.01830238e+01,
         6.82914646e-01,  2.26731223e+01, -7.41734935e+00,
         4.89281744e+00, -1.43469460e+01,  1.60240709e-02,
         9.07500207e+00,  1.25893566e+01,  6.55147159e+00,
        -6.54322431e-02, -1.97832706e+01,  6.15837187e+00,
        -1.23673855e+01,  1.12032421e+01,  1.33702580e+01,
         1.29629599e+01, -3.17649690e+00, -5.15599978e+00,
         9.58463244e+00, -1.43578119e+01, -2.03993530e+01,
        -1.91864126e+00, -2.00231207e+01, -5.03167333e+00,
        -3.02282118e+00,  1.25728361e+01, -2.52654338e-01,
         9.28991271e+00,  8.37987468e+00, -1.23645352e+00,
         5.07175485e-02,  8.53535312e+00, -1.68206749e-01,
         1.51340300e+00, -5.86206118e+00,  2.43910493e+01,
         2.01833192e+01,  1.49614334e+00, -1.90173341e+00,
         5.68539431e+00, -9.96178085e+00,  1.64449360e+01,
        -1.06211142e+01,  5.86564968e+00,  1.82940275e+01,
         1.18223689e+01, -7.40276335e+00,  3.18742447e+00,
         2.05373002e+00, -1.03218063e+01,  1.18458410e+01,
        -1.40628550e+01, -1.73264986e+01,  1.64994014e+01,
        -1.23924686e+01, -9.78643700e+00, -3.08950890e+00,
        -1.46742180e+01,  1.53502157e+01, -1.32073015e+01,
         9.27068174e+00,  1.70719225e+01, -7.99028444e+00,
         2.21912591e+01, -3.26547469e+01, -2.02310152e+01,
         4.14322490e+00,  2.91309494e+00,  1.25918741e+01,
         6.94605050e+00,  6.30394076e+00, -1.16325151e+01,
        -7.38582961e-01,  1.09894120e+01, -7.63770654e+00,
         1.19919671e+01,  1.90419723e+01,  1.17352389e+01],
       [-2.37850330e+00,  2.76097454e+00, -9.66462586e-01,
        -1.55839108e+01, -2.31593420e+01,  4.87708164e+00,
        -3.14707095e+00,  5.49929129e+00,  1.22857093e+01,
        -3.19799643e-01,  5.75513819e+00,  1.17586016e+01,
         8.56145785e+00, -2.21834282e+01,  4.21975479e+00,
        -6.67802565e+00,  4.27260010e+00, -2.90149878e+00,
         8.12473509e+00, -6.75138688e-01,  6.23642194e-01,
         2.75822982e+00,  2.01288179e-01, -2.13143516e+00,
         1.64766371e+01,  3.86638101e+00, -2.93701344e+00,
         8.38656971e+00, -1.92948653e+00,  1.62156209e+01,
         9.81900969e+00, -3.28378498e-01,  1.47344127e+01,
        -1.86007717e+00, -4.70733872e+00,  1.55599638e+00,
         1.11906782e+01,  3.44931999e+01, -6.33474642e+00,
        -5.00705350e+00, -1.66882369e+01, -5.51125644e+00,
        -2.76623619e+00, -1.11244217e-02, -4.65677318e+00,
         2.81740532e-01, -1.37180758e+01,  1.62714598e+01,
         6.78066629e+00, -1.59875486e+01, -2.20818856e+01,
         7.96598886e-01,  2.04221863e+00, -4.56966624e-02,
         4.63000081e+00,  1.21937136e+01,  1.57413431e+01,
         7.50318967e+00, -9.26250556e-02, -9.68991185e+00,
        -2.38257690e+00,  8.54214126e-01, -3.44516879e+00,
         6.16553217e+00, -1.39992887e+01,  1.58545185e+01,
         1.30777869e+01,  7.86793036e+00, -7.55481582e+00,
         2.02360786e+01,  1.20920029e+00,  6.45423828e+00,
         1.69584249e+01, -6.65488071e+00, -1.02583283e+01,
        -2.42600779e-01,  1.15760202e+01,  2.51481908e+00,
        -8.94844820e+00, -4.68324535e+00, -9.37517764e+00,
        -4.25992982e+00, -1.07055126e+01,  2.21985232e+01,
        -5.39766276e+00,  6.47556088e+00,  1.13292112e+01,
         1.62318139e+01,  1.84805156e+01,  9.14438243e-01,
        -1.72960307e+01,  1.26822878e+01, -1.32196267e+01,
        -1.34079980e+01, -1.04334349e+01, -1.14233974e+01,
        -2.82878428e+01,  1.36385421e+01,  1.38805686e+01,
         5.48888156e+00, -3.66223812e-01, -4.19137954e+00,
        -6.72259160e+00,  3.44334853e+00,  1.64461616e+00,
         5.53006935e+00,  5.14926356e+00, -3.19120970e+00,
        -1.71973721e+01, -1.58249456e+01,  3.10384328e+00],
       [-3.51395138e+00,  6.00923164e+00,  7.18387099e+00,
        -2.79637925e+00, -4.83319652e+00, -1.56836843e+01,
        -1.80065415e+00,  1.46578411e+00, -1.23667631e+01,
         1.15648176e+01,  8.56772510e+00,  1.39687277e+01,
         2.45323684e+00, -2.48891488e+00, -2.61403219e+00,
         7.20824784e+00, -7.49510814e+00,  6.83873247e+00,
         5.52379695e+00,  5.14737630e+00, -1.47608610e+00,
         7.60573716e+00,  6.51960869e+00, -1.66841712e+00,
         5.99227002e+00, -7.92169729e+00,  4.96267005e+00,
        -1.56527408e+01,  1.47328088e+00,  2.49475870e+00,
        -1.07282272e+01,  5.44240406e-01, -2.24073521e+01,
        -2.27075892e+01,  5.95506336e+00, -1.03834008e+01,
        -5.16531190e+00, -1.05832394e+01, -4.38463559e+00,
        -8.30210040e+00, -5.64779215e-02,  1.12096737e+01,
        -1.73575196e+00, -8.13455320e+00,  5.54366135e+00,
        -4.18190786e+00, -1.11767510e+01,  5.49148821e+00,
        -1.76405224e+00,  8.89369483e+00, -8.96141410e+00,
         8.53943619e+00, -1.94970404e+01, -1.45275602e+01,
         2.46079157e+01, -1.14970228e+01, -1.15004190e+01,
         8.26446315e+00, -4.79829141e+00,  1.32910761e+01,
        -1.38007169e+01, -2.26606594e+01,  4.24189842e+00,
        -4.37652755e-01, -1.84162770e+01, -6.26529017e+00,
         1.83608828e+01,  1.70979255e+01, -4.68366591e+00,
         9.96688877e+00,  7.83384035e+00, -1.41726425e+01,
         4.94070600e+00,  8.44788837e+00, -4.85484042e+00,
        -6.82628869e+00, -3.19385425e-01, -1.36880809e+01,
        -1.14571148e+01,  1.41826312e+01,  1.73798306e+01,
         1.16219351e-01,  1.13835700e+01,  8.20701271e+00,
        -2.64011348e+00, -4.15573881e+00,  2.81716882e+00,
         1.90223251e+00, -1.15752372e+00,  1.29643211e+01,
        -7.44958515e+00, -1.27299170e+00, -1.96263400e+01,
        -4.38433567e-01, -5.37071426e+00, -7.50782006e+00,
        -1.68238611e+01,  1.16890804e+01, -6.53898070e+00,
         1.26104627e+01, -5.85869963e+00,  1.70924457e+01,
        -5.71823296e+00, -1.10209576e+01, -1.68032029e+00,
         4.23852568e+00, -2.78353292e+01,  4.22189655e+00,
        -1.86631998e+01, -1.02478536e+01, -9.08997699e+00],
       [ 2.62446753e+01, -8.66320899e+00,  7.80425017e-01,
        -2.19444270e+01, -1.34979360e+01,  8.51989903e+00,
         2.13366544e+01,  5.38685519e+00,  5.60907213e+00,
         2.53721593e+00,  5.65688920e-01, -2.48708232e+00,
         2.36516053e+01,  6.98205606e+00,  8.24601688e+00,
         1.09583747e+01,  1.12084730e+01, -9.62234180e+00,
         6.81546511e+00,  2.78308993e+00,  9.54749400e+00,
        -1.80122635e+01, -9.66997284e+00, -3.15443830e+00,
         2.32636131e+01,  8.56765671e+00, -7.54211578e+00,
         1.25922374e+01,  1.47057728e+00, -1.31214240e+01,
        -8.48864874e+00,  6.37262269e+00,  2.19055935e+01,
         4.68817988e+00, -1.87455295e+01, -4.31107701e+00,
         3.34167743e+00,  2.11301499e+01,  1.23500162e+01,
        -2.62703243e+01,  1.14650562e+01,  8.22868481e+00,
        -2.25352097e+01, -9.78979431e+00, -2.15473803e+00,
         1.62408502e+01,  3.50870765e+00,  2.61277870e+00,
        -2.67382162e+01,  1.64820298e+01, -1.49566799e+00,
        -4.40141884e+00,  2.62300661e+01,  5.28833615e+00,
         1.83006848e+01, -1.44112185e+01,  2.86070297e+00,
         7.54593818e+00, -1.25137683e+01,  8.78520118e+00,
        -2.04459592e+00, -6.90577768e+00,  1.45820684e+01,
         1.43724859e+01,  1.32593094e+00, -4.60443470e+00,
         4.96347963e+00, -2.39978749e+01,  1.31031501e+01,
        -1.73514374e+00,  8.78161514e+00,  1.26810497e+01,
        -1.69406173e+01, -7.61267334e-01,  1.15680652e+00,
         1.20740710e+01, -1.48153599e+01,  5.00452598e+00,
        -2.22732095e-02,  2.79187807e+00,  1.26421408e+01,
         8.13430465e+00,  2.34505949e+01, -1.43886819e+00,
         1.27593995e+01, -1.62912496e+01,  8.37816376e+00,
         6.42306764e+00, -1.76216630e+01, -6.31364906e+00,
        -1.76283595e+01, -1.04895053e+01,  2.17134007e+01,
         3.04234526e+00,  6.38672661e+00,  2.27351513e+00,
        -1.92447051e+01, -1.37970293e+01, -5.09871443e+00,
        -1.23080440e+00, -1.62041275e+01, -1.07797862e+01,
         1.50362717e+01,  3.88782517e-01, -1.15501227e+01,
        -3.25231819e+01, -1.95475132e+01, -2.21761369e+00,
        -1.08625250e+01, -2.09742227e+01, -9.56292288e+00],
       [ 6.34003167e+00, -1.74811609e+00,  8.29978150e+00,
        -2.03036133e+00,  3.62042214e+00, -7.72631474e-01,
        -1.48232573e+01,  6.69720099e+00, -1.03362058e+00,
        -9.75602429e+00, -4.47573161e+00,  1.36243375e+01,
         5.27884814e+00,  1.17175090e+01, -6.17150173e-01,
         1.04694056e+01, -8.36613991e+00, -2.21777306e+01,
         2.79553698e+00,  2.19626336e+01, -5.88358052e+00,
        -1.91683330e+01,  1.37674974e+00,  1.52065627e+01,
        -8.64868979e+00, -2.26443963e+00,  4.08025401e+00,
         7.15121133e-01, -1.00476516e+01,  2.11262610e+00,
         8.21255286e-01,  1.07863068e+01,  9.17577549e+00,
        -3.50563503e+00, -4.89571323e+00, -1.56752913e+00,
         1.03940078e+01,  1.17845000e+01, -1.83399746e+01,
         1.21336427e+01,  2.65004503e+01,  8.09022152e-01,
        -1.48605322e+00,  7.73483345e+00, -1.07727792e+01,
        -7.47201572e+00, -1.47963018e+01, -5.99950200e+00,
        -6.98283242e+00,  8.64623402e+00,  9.30014553e+00,
         7.49620605e+00,  6.88492956e+00, -5.60233031e+00,
         6.90701399e+00, -3.02089771e+00, -1.55026365e-01,
         1.01517094e+01, -2.48305859e+01,  1.94787960e+01,
        -9.30414363e+00,  2.15726938e+01, -1.47558471e+01,
        -1.54353492e+01, -1.72809326e+01,  7.50026800e+00,
         1.34217864e+01, -8.30135654e+00,  1.89810267e+00,
        -9.40051409e+00,  8.34235558e+00,  8.09297649e-01,
        -2.62327899e+01, -1.01748824e+01, -9.17097502e+00,
         1.40752306e+01,  1.30194650e+01,  1.82415075e+01,
         1.57255342e+01, -3.98860630e+00, -4.01293126e+00,
        -1.83499161e+01,  2.00022155e+01,  1.20743090e+01,
         5.41247441e+00,  2.12469978e+01,  9.28614954e+00,
        -9.79406321e+00, -1.10341809e+01,  9.36592923e+00,
        -2.03417151e+01, -4.82389285e+00,  1.44026447e+00,
         1.53163964e+01, -9.97130027e+00, -1.93015231e+01,
        -1.34346425e+01,  4.60996179e+00,  5.12970607e+00,
        -5.30951025e-01, -1.73313686e+01, -2.76086575e+00,
        -7.87090099e+00, -4.22181765e+00,  1.94923461e+01,
        -2.20583111e-01,  1.03697577e+01, -1.04136097e+01,
        -1.64701591e+01, -2.01641246e+01,  3.83064512e+00]])|2285.8024116953975